[769, 300;
 768, 301;
 768, 302;
 767, 303;
 767, 304;
 766, 305;
 766, 307;
 765, 308;
 765, 309;
 764, 310;
 764, 311;
 763, 312;
 763, 313;
 762, 314;
 762, 315;
 761, 316;
 761, 318;
 760, 319;
 760, 320;
 759, 321;
 759, 322;
 758, 323;
 758, 324;
 757, 325;
 757, 326;
 756, 327;
 756, 329;
 755, 330;
 755, 331;
 754, 332;
 754, 333;
 753, 334;
 753, 335;
 752, 336;
 752, 337;
 751, 338;
 751, 340;
 750, 341;
 750, 342;
 749, 343;
 749, 344;
 748, 345;
 748, 346;
 747, 347;
 747, 348;
 746, 349;
 746, 351;
 745, 352;
 745, 353;
 744, 354;
 744, 355;
 743, 356;
 743, 357;
 742, 358;
 742, 359;
 741, 360;
 741, 362;
 740, 363;
 740, 364;
 739, 365;
 739, 366;
 738, 367;
 738, 368;
 737, 369;
 737, 370;
 736, 371;
 736, 373;
 735, 374;
 735, 375;
 734, 376;
 734, 377;
 733, 378;
 733, 379;
 732, 380;
 732, 381;
 731, 382;
 731, 384;
 730, 385;
 730, 386;
 729, 387;
 729, 388;
 728, 389;
 728, 390;
 727, 391;
 727, 393;
 726, 394;
 726, 395;
 725, 396;
 725, 397;
 724, 398;
 724, 399;
 723, 400;
 723, 401;
 722, 402;
 722, 404;
 721, 405;
 721, 406;
 720, 407;
 720, 408;
 719, 409;
 719, 410;
 718, 411;
 718, 412;
 717, 413;
 717, 415;
 716, 416;
 716, 417;
 715, 418;
 715, 419;
 714, 420;
 714, 421;
 713, 422;
 713, 423;
 712, 424;
 712, 426;
 711, 427;
 711, 428;
 710, 429;
 710, 430;
 709, 431;
 709, 432;
 708, 433;
 708, 434;
 707, 435;
 707, 437;
 706, 438;
 706, 439;
 705, 440;
 705, 441;
 704, 442;
 704, 443;
 703, 444;
 703, 445;
 702, 446;
 702, 448;
 701, 449;
 701, 450;
 700, 451;
 700, 452;
 699, 453;
 699, 454;
 698, 455;
 698, 456;
 697, 457;
 697, 459;
 696, 460;
 696, 461;
 695, 462;
 695, 463;
 694, 464;
 694, 465;
 693, 466;
 693, 467;
 692, 468;
 692, 470;
 691, 471;
 691, 472;
 690, 473;
 690, 474;
 689, 475;
 689, 476;
 688, 477;
 688, 478;
 687, 479;
 687, 481;
 686, 482;
 686, 483;
 685, 484;
 685, 485;
 684, 486;
 684, 487;
 683, 488;
 683, 489;
 682, 490;
 682, 492;
 681, 493;
 681, 494;
 680, 495;
 680, 496;
 679, 497;
 679, 498;
 678, 499;
 678, 500;
 677, 501;
 677, 503;
 676, 504;
 676, 505;
 675, 506;
 675, 507;
 674, 508;
 674, 509;
 673, 510;
 673, 512;
 672, 513;
 672, 514;
 671, 515;
 671, 516;
 670, 517;
 670, 518;
 669, 519;
 669, 520;
 668, 521;
 668, 523;
 667, 524;
 667, 525;
 666, 526;
 666, 527;
 665, 528;
 665, 529;
 664, 530;
 664, 531;
 663, 532;
 663, 534;
 662, 535;
 662, 536;
 661, 537;
 661, 538;
 660, 539;
 660, 540;
 659, 541;
 659, 542;
 658, 543;
 658, 545;
 657, 546;
 657, 547;
 656, 548;
 656, 549;
 655, 550;
 655, 551;
 654, 552;
 654, 553;
 653, 554;
 653, 556;
 652, 557;
 652, 558;
 651, 559;
 651, 560;
 650, 561;
 650, 562;
 649, 563;
 649, 564;
 648, 565;
 648, 567;
 647, 568;
 647, 569;
 646, 570;
 646, 571;
 645, 572;
 645, 573;
 644, 574;
 644, 575;
 643, 576;
 643, 578;
 642, 579;
 642, 580;
 641, 581;
 641, 582;
 640, 583;
 640, 584;
 639, 585;
 639, 586;
 638, 587;
 638, 589;
 637, 590;
 637, 591;
 636, 592;
 636, 593;
 635, 594;
 635, 595;
 634, 596;
 634, 597;
 633, 598;
 633, 600;
 632, 601;
 632, 602;
 631, 603;
 631, 604;
 630, 605;
 630, 606;
 629, 607;
 629, 608;
 628, 609;
 628, 611;
 627, 612;
 627, 613;
 626, 614;
 626, 615;
 625, 616;
 625, 617;
 624, 618;
 624, 620;
 623, 621;
 623, 622;
 622, 623;
 622, 624;
 621, 625;
 621, 626;
 620, 627;
 620, 628;
 619, 629;
 619, 631;
 618, 632;
 618, 633;
 617, 634;
 617, 635;
 616, 636;
 616, 637;
 615, 638;
 615, 639;
 614, 640;
 614, 642;
 613, 643;
 613, 644;
 612, 645;
 612, 646;
 611, 647;
 611, 648;
 610, 649;
 610, 650;
 609, 651;
 609, 653;
 608, 654;
 608, 655;
 607, 656;
 607, 657;
 606, 658;
 606, 659;
 605, 660;
 605, 661;
 604, 662;
 604, 664;
 603, 665;
 603, 666;
 602, 667;
 602, 668;
 601, 669;
 601, 670;
 600, 671;
 600, 672;
 599, 673;
 599, 675;
 598, 676;
 598, 677;
 597, 678;
 597, 679;
 596, 680;
 596, 681;
 595, 682;
 595, 683;
 594, 684;
 594, 686;
 593, 687;
 593, 688;
 592, 689;
 592, 690;
 591, 691;
 591, 692;
 590, 693;
 590, 694;
 589, 695;
 589, 697;
 588, 698;
 588, 699;
 587, 700;
 587, 701;
 586, 702;
 586, 703;
 585, 704;
 585, 705;
 584, 706;
 584, 708;
 583, 709;
 583, 710;
 582, 711;
 582, 712;
 581, 713;
 581, 714;
 580, 715;
 580, 716;
 579, 717;
 579, 719;
 578, 720;
 578, 721;
 577, 722;
 577, 723;
 576, 724;
 576, 725;
 575, 726;
 575, 727;
 574, 728;
 574, 730;
 573, 731;
 573, 732;
 572, 733;
 572, 734;
 571, 735;
 571, 736;
 570, 737;
 570, 739;
 569, 740;
 569, 741;
 568, 742;
 568, 743;
 567, 744;
 567, 745;
 566, 746;
 566, 747;
 565, 748;
 565, 750;
 564, 751;
 564, 752;
 563, 753;
 563, 754;
 562, 755;
 562, 756;
 561, 757;
 561, 758;
 560, 759;
 560, 761;
 559, 762;
 559, 763;
 558, 764;
 558, 765;
 557, 766;
 557, 767;
 556, 768;
 556, 769;
 555, 770;
 555, 772;
 554, 773;
 554, 774;
 553, 775;
 553, 776;
 552, 777;
 552, 778;
 551, 779;
 551, 780;
 550, 781;
 550, 783;
 549, 784;
 549, 785;
 548, 786;
 548, 787;
 547, 788;
 547, 789;
 546, 790;
 546, 791;
 545, 792;
 545, 794;
 544, 795;
 544, 796;
 543, 797;
 543, 798;
 542, 799;
 542, 800;
 541, 801;
 541, 802;
 540, 803;
 540, 805;
 539, 806;
 539, 807;
 538, 808;
 538, 809;
 537, 810;
 537, 811;
 536, 812;
 536, 813;
 535, 814;
 535, 816;
 534, 817;
 534, 818;
 533, 819;
 533, 820;
 532, 821;
 532, 822;
 531, 823;
 531, 824;
 530, 825;
 530, 827;
 529, 828;
 529, 829;
 528, 830;
 528, 831;
 527, 832;
 527, 833;
 526, 834;
 526, 835;
 525, 836;
 525, 838;
 524, 839;
 524, 840;
 523, 841;
 523, 842;
 522, 843;
 522, 844;
 521, 845;
 521, 847;
 520, 848;
 520, 849;
 519, 850;
 519, 851;
 518, 852;
 518, 853;
 517, 854;
 517, 855;
 516, 856;
 516, 858;
 515, 859;
 515, 860;
 514, 861;
 514, 862;
 513, 863;
 513, 864;
 512, 865;
 512, 866;
 511, 867;
 511, 869;
 510, 870;
 510, 871;
 509, 872;
 509, 873;
 508, 874;
 508, 876;
 509, 877;
 511, 877;
 512, 878;
 516, 878;
 517, 879;
 520, 879;
 521, 880;
 524, 880;
 525, 881;
 528, 881;
 529, 882;
 532, 882;
 533, 883;
 537, 883;
 538, 884;
 541, 884;
 542, 885;
 545, 885;
 546, 886;
 549, 886;
 550, 887;
 554, 887;
 555, 888;
 558, 888;
 559, 889;
 562, 889;
 563, 890;
 566, 890;
 567, 891;
 571, 891;
 572, 892;
 575, 892;
 576, 893;
 579, 893;
 580, 894;
 583, 894;
 584, 895;
 587, 895;
 588, 896;
 592, 896;
 593, 897;
 596, 897;
 597, 898;
 600, 898;
 601, 899;
 604, 899;
 605, 900;
 609, 900;
 610, 901;
 613, 901;
 614, 902;
 617, 902;
 618, 903;
 621, 903;
 622, 904;
 626, 904;
 627, 905;
 630, 905;
 631, 906;
 634, 906;
 635, 907;
 638, 907;
 639, 908;
 643, 908;
 644, 909;
 647, 909;
 648, 910;
 651, 910;
 652, 911;
 655, 911;
 656, 912;
 659, 912;
 660, 913;
 664, 913;
 665, 914;
 668, 914;
 669, 915;
 672, 915;
 673, 916;
 676, 916;
 677, 917;
 681, 917;
 682, 918;
 685, 918;
 686, 919;
 689, 919;
 690, 920;
 693, 920;
 694, 921;
 698, 921;
 699, 922;
 702, 922;
 703, 923;
 706, 923;
 707, 924;
 710, 924;
 711, 925;
 714, 925;
 715, 926;
 719, 926;
 720, 927;
 723, 927;
 724, 928;
 727, 928;
 728, 929;
 731, 929;
 732, 930;
 736, 930;
 737, 931;
 740, 931;
 741, 932;
 744, 932;
 745, 933;
 748, 933;
 749, 934;
 753, 934;
 754, 935;
 757, 935;
 758, 936;
 761, 936;
 762, 937;
 765, 937;
 766, 938;
 769, 938;
 770, 939;
 774, 939;
 775, 940;
 778, 940;
 779, 941;
 782, 941;
 783, 942;
 786, 942;
 787, 943;
 791, 943;
 792, 944;
 795, 944;
 796, 945;
 799, 945;
 800, 946;
 803, 946;
 804, 947;
 808, 947;
 809, 948;
 812, 948;
 813, 949;
 816, 949;
 817, 950;
 820, 950;
 821, 951;
 824, 951;
 825, 952;
 829, 952;
 830, 953;
 833, 953;
 834, 954;
 837, 954;
 838, 955;
 841, 955;
 842, 956;
 846, 956;
 847, 957;
 850, 957;
 851, 958;
 854, 958;
 855, 959;
 858, 959;
 859, 960;
 863, 960;
 864, 961;
 867, 961;
 868, 962;
 871, 962;
 872, 963;
 875, 963;
 876, 964;
 880, 964;
 881, 965;
 884, 965;
 885, 966;
 888, 966;
 889, 967;
 892, 967;
 893, 968;
 896, 968;
 897, 969;
 901, 969;
 902, 970;
 905, 970;
 906, 971;
 909, 971;
 910, 972;
 913, 972;
 914, 973;
 918, 973;
 919, 974;
 922, 974;
 923, 975;
 926, 975;
 927, 976;
 930, 976;
 931, 977;
 935, 977;
 936, 978;
 939, 978;
 940, 979;
 943, 979;
 944, 980;
 947, 980;
 948, 981;
 951, 981;
 952, 982;
 956, 982;
 957, 983;
 960, 983;
 961, 984;
 964, 984;
 965, 985;
 968, 985;
 969, 986;
 973, 986;
 974, 987;
 977, 987;
 978, 988;
 981, 988;
 982, 989;
 985, 989;
 986, 988;
 986, 987;
 987, 986;
 987, 985;
 988, 984;
 988, 983;
 989, 982;
 989, 981;
 990, 980;
 990, 979;
 992, 977;
 992, 976;
 993, 975;
 993, 974;
 994, 973;
 994, 972;
 995, 971;
 995, 970;
 996, 969;
 996, 968;
 997, 967;
 997, 966;
 998, 965;
 998, 964;
 999, 963;
 999, 962;
 1000, 961;
 1000, 960;
 1001, 959;
 1001, 958;
 1002, 957;
 1002, 956;
 1003, 955;
 1003, 954;
 1004, 953;
 1004, 952;
 1005, 951;
 1005, 950;
 1006, 949;
 1006, 948;
 1007, 947;
 1007, 946;
 1009, 944;
 1009, 943;
 1010, 942;
 1010, 941;
 1011, 940;
 1011, 939;
 1012, 938;
 1012, 937;
 1013, 936;
 1013, 935;
 1014, 934;
 1014, 933;
 1015, 932;
 1015, 931;
 1016, 930;
 1016, 929;
 1017, 928;
 1017, 927;
 1018, 926;
 1018, 925;
 1019, 924;
 1019, 923;
 1020, 922;
 1020, 921;
 1021, 920;
 1021, 919;
 1022, 918;
 1022, 917;
 1023, 916;
 1023, 915;
 1024, 914;
 1024, 913;
 1026, 911;
 1026, 910;
 1027, 909;
 1027, 908;
 1028, 907;
 1028, 906;
 1029, 905;
 1029, 904;
 1030, 903;
 1030, 902;
 1031, 901;
 1031, 900;
 1032, 899;
 1032, 898;
 1033, 897;
 1033, 896;
 1034, 895;
 1034, 894;
 1035, 893;
 1035, 892;
 1036, 891;
 1036, 890;
 1037, 889;
 1037, 888;
 1038, 887;
 1038, 886;
 1039, 885;
 1039, 884;
 1040, 883;
 1040, 882;
 1041, 881;
 1041, 880;
 1043, 878;
 1043, 877;
 1044, 876;
 1044, 875;
 1045, 874;
 1045, 873;
 1046, 872;
 1046, 871;
 1047, 870;
 1047, 869;
 1048, 868;
 1048, 867;
 1049, 866;
 1049, 865;
 1050, 864;
 1050, 863;
 1051, 862;
 1051, 861;
 1052, 860;
 1052, 859;
 1053, 858;
 1053, 857;
 1054, 856;
 1054, 855;
 1055, 854;
 1055, 853;
 1056, 852;
 1056, 851;
 1057, 850;
 1057, 849;
 1058, 848;
 1058, 847;
 1060, 845;
 1060, 844;
 1061, 843;
 1061, 842;
 1062, 841;
 1062, 840;
 1063, 839;
 1063, 838;
 1064, 837;
 1064, 836;
 1065, 835;
 1065, 834;
 1066, 833;
 1066, 832;
 1067, 831;
 1067, 830;
 1068, 829;
 1068, 828;
 1069, 827;
 1069, 826;
 1070, 825;
 1070, 824;
 1071, 823;
 1071, 822;
 1072, 821;
 1072, 820;
 1073, 819;
 1073, 818;
 1074, 817;
 1074, 816;
 1075, 815;
 1075, 814;
 1077, 812;
 1077, 811;
 1078, 810;
 1078, 809;
 1079, 808;
 1079, 807;
 1080, 806;
 1080, 805;
 1081, 804;
 1081, 803;
 1082, 802;
 1082, 801;
 1083, 800;
 1083, 799;
 1084, 798;
 1084, 797;
 1085, 796;
 1085, 795;
 1086, 794;
 1086, 793;
 1087, 792;
 1087, 791;
 1088, 790;
 1088, 789;
 1089, 788;
 1089, 787;
 1090, 786;
 1090, 785;
 1091, 784;
 1091, 783;
 1092, 782;
 1092, 781;
 1094, 779;
 1094, 778;
 1095, 777;
 1095, 776;
 1096, 775;
 1096, 774;
 1097, 773;
 1097, 772;
 1098, 771;
 1098, 770;
 1099, 769;
 1099, 768;
 1100, 767;
 1100, 766;
 1101, 765;
 1101, 764;
 1102, 763;
 1102, 762;
 1103, 761;
 1103, 760;
 1104, 759;
 1104, 758;
 1105, 757;
 1105, 756;
 1106, 755;
 1106, 754;
 1107, 753;
 1107, 752;
 1108, 751;
 1108, 750;
 1109, 749;
 1109, 748;
 1111, 746;
 1111, 745;
 1112, 744;
 1112, 743;
 1113, 742;
 1113, 741;
 1114, 740;
 1114, 739;
 1115, 738;
 1115, 737;
 1116, 736;
 1116, 735;
 1117, 734;
 1117, 733;
 1118, 732;
 1118, 731;
 1119, 730;
 1119, 729;
 1120, 728;
 1120, 727;
 1121, 726;
 1121, 725;
 1122, 724;
 1122, 723;
 1123, 722;
 1123, 721;
 1124, 720;
 1124, 719;
 1125, 718;
 1125, 717;
 1126, 716;
 1126, 715;
 1128, 713;
 1128, 712;
 1129, 711;
 1129, 710;
 1130, 709;
 1130, 708;
 1131, 707;
 1131, 706;
 1132, 705;
 1132, 704;
 1133, 703;
 1133, 702;
 1134, 701;
 1134, 700;
 1135, 699;
 1135, 698;
 1136, 697;
 1136, 696;
 1137, 695;
 1137, 694;
 1138, 693;
 1138, 692;
 1139, 691;
 1139, 690;
 1140, 689;
 1140, 688;
 1141, 687;
 1141, 686;
 1142, 685;
 1142, 684;
 1143, 683;
 1143, 682;
 1145, 680;
 1145, 679;
 1146, 678;
 1146, 677;
 1147, 676;
 1147, 675;
 1148, 674;
 1148, 673;
 1149, 672;
 1149, 671;
 1150, 670;
 1150, 669;
 1151, 668;
 1151, 667;
 1152, 666;
 1152, 665;
 1153, 664;
 1153, 663;
 1154, 662;
 1154, 661;
 1155, 660;
 1155, 659;
 1156, 658;
 1156, 657;
 1157, 656;
 1157, 655;
 1158, 654;
 1158, 653;
 1159, 652;
 1159, 651;
 1160, 650;
 1160, 649;
 1162, 647;
 1162, 646;
 1163, 645;
 1163, 644;
 1164, 643;
 1164, 642;
 1165, 641;
 1165, 640;
 1166, 639;
 1166, 638;
 1167, 637;
 1167, 636;
 1168, 635;
 1168, 634;
 1169, 633;
 1169, 632;
 1170, 631;
 1170, 630;
 1171, 629;
 1171, 628;
 1172, 627;
 1172, 626;
 1173, 625;
 1173, 624;
 1174, 623;
 1174, 622;
 1175, 621;
 1175, 620;
 1176, 619;
 1176, 618;
 1177, 617;
 1177, 616;
 1179, 614;
 1179, 613;
 1180, 612;
 1180, 611;
 1181, 610;
 1181, 609;
 1182, 608;
 1182, 607;
 1183, 606;
 1183, 605;
 1184, 604;
 1184, 603;
 1185, 602;
 1185, 601;
 1186, 600;
 1186, 599;
 1187, 598;
 1187, 597;
 1188, 596;
 1188, 595;
 1189, 594;
 1189, 593;
 1190, 592;
 1190, 591;
 1191, 590;
 1191, 589;
 1192, 588;
 1192, 587;
 1193, 586;
 1193, 585;
 1194, 584;
 1194, 583;
 1196, 581;
 1196, 580;
 1197, 579;
 1197, 578;
 1198, 577;
 1198, 576;
 1199, 575;
 1199, 574;
 1200, 573;
 1200, 572;
 1201, 571;
 1201, 570;
 1202, 569;
 1202, 568;
 1203, 567;
 1203, 566;
 1204, 565;
 1204, 564;
 1205, 563;
 1205, 562;
 1206, 561;
 1206, 560;
 1207, 559;
 1207, 558;
 1208, 557;
 1208, 556;
 1209, 555;
 1209, 554;
 1210, 553;
 1210, 552;
 1211, 551;
 1211, 550;
 1213, 548;
 1213, 547;
 1214, 546;
 1214, 545;
 1215, 544;
 1215, 543;
 1216, 542;
 1216, 541;
 1217, 540;
 1217, 539;
 1218, 538;
 1218, 537;
 1219, 536;
 1219, 535;
 1220, 534;
 1220, 533;
 1221, 532;
 1221, 531;
 1222, 530;
 1222, 529;
 1223, 528;
 1223, 527;
 1224, 526;
 1224, 524;
 1223, 523;
 1222, 523;
 1221, 522;
 1220, 522;
 1219, 521;
 1218, 521;
 1217, 520;
 1216, 520;
 1215, 519;
 1214, 519;
 1213, 518;
 1212, 518;
 1211, 517;
 1210, 517;
 1209, 516;
 1208, 516;
 1207, 515;
 1206, 515;
 1205, 514;
 1204, 514;
 1203, 513;
 1202, 513;
 1201, 512;
 1200, 512;
 1199, 511;
 1198, 511;
 1197, 510;
 1196, 510;
 1195, 509;
 1194, 509;
 1193, 508;
 1192, 508;
 1191, 507;
 1190, 507;
 1189, 506;
 1188, 506;
 1187, 505;
 1185, 505;
 1184, 504;
 1183, 504;
 1182, 503;
 1181, 503;
 1180, 502;
 1179, 502;
 1178, 501;
 1177, 501;
 1176, 500;
 1175, 500;
 1174, 499;
 1173, 499;
 1172, 498;
 1171, 498;
 1170, 497;
 1169, 497;
 1168, 496;
 1167, 496;
 1166, 495;
 1165, 495;
 1164, 494;
 1163, 494;
 1162, 493;
 1161, 493;
 1160, 492;
 1159, 492;
 1158, 491;
 1157, 491;
 1156, 490;
 1155, 490;
 1154, 489;
 1153, 489;
 1152, 488;
 1151, 488;
 1150, 487;
 1149, 487;
 1148, 486;
 1147, 486;
 1146, 485;
 1145, 485;
 1144, 484;
 1143, 484;
 1142, 483;
 1141, 483;
 1140, 482;
 1139, 482;
 1138, 481;
 1137, 481;
 1136, 480;
 1135, 480;
 1134, 479;
 1133, 479;
 1132, 478;
 1131, 478;
 1130, 477;
 1129, 477;
 1128, 476;
 1127, 476;
 1126, 475;
 1125, 475;
 1124, 474;
 1123, 474;
 1122, 473;
 1121, 473;
 1120, 472;
 1119, 472;
 1118, 471;
 1117, 471;
 1116, 470;
 1115, 470;
 1114, 469;
 1113, 469;
 1112, 468;
 1110, 468;
 1109, 467;
 1108, 467;
 1107, 466;
 1106, 466;
 1105, 465;
 1104, 465;
 1103, 464;
 1102, 464;
 1101, 463;
 1100, 463;
 1099, 462;
 1098, 462;
 1097, 461;
 1096, 461;
 1095, 460;
 1094, 460;
 1093, 459;
 1092, 459;
 1091, 458;
 1090, 458;
 1089, 457;
 1088, 457;
 1087, 456;
 1086, 456;
 1085, 455;
 1084, 455;
 1083, 454;
 1082, 454;
 1081, 453;
 1080, 453;
 1079, 452;
 1078, 452;
 1077, 451;
 1076, 451;
 1075, 450;
 1074, 450;
 1073, 449;
 1072, 449;
 1071, 448;
 1070, 448;
 1069, 447;
 1068, 447;
 1067, 446;
 1066, 446;
 1065, 445;
 1064, 445;
 1063, 444;
 1062, 444;
 1061, 443;
 1060, 443;
 1059, 442;
 1058, 442;
 1057, 441;
 1056, 441;
 1055, 440;
 1054, 440;
 1053, 439;
 1052, 439;
 1051, 438;
 1050, 438;
 1049, 437;
 1048, 437;
 1047, 436;
 1046, 436;
 1045, 435;
 1044, 435;
 1043, 434;
 1042, 434;
 1041, 433;
 1040, 433;
 1039, 432;
 1038, 432;
 1037, 431;
 1036, 431;
 1035, 430;
 1033, 430;
 1032, 429;
 1031, 429;
 1030, 428;
 1029, 428;
 1028, 427;
 1027, 427;
 1026, 426;
 1025, 426;
 1024, 425;
 1023, 425;
 1022, 424;
 1021, 424;
 1020, 423;
 1019, 423;
 1018, 422;
 1017, 422;
 1016, 421;
 1015, 421;
 1014, 420;
 1013, 420;
 1012, 419;
 1011, 419;
 1010, 418;
 1009, 418;
 1008, 417;
 1007, 417;
 1006, 416;
 1005, 416;
 1004, 415;
 1003, 415;
 1002, 414;
 1001, 414;
 1000, 413;
 999, 413;
 998, 412;
 997, 412;
 996, 411;
 995, 411;
 994, 410;
 993, 410;
 992, 409;
 991, 409;
 990, 408;
 989, 408;
 988, 407;
 987, 407;
 986, 406;
 985, 406;
 984, 405;
 983, 405;
 982, 404;
 981, 404;
 980, 403;
 979, 403;
 978, 402;
 977, 402;
 976, 401;
 975, 401;
 974, 400;
 973, 400;
 972, 399;
 971, 399;
 970, 398;
 969, 398;
 968, 397;
 967, 397;
 966, 396;
 965, 396;
 964, 395;
 963, 395;
 962, 394;
 961, 394;
 960, 393;
 958, 393;
 957, 392;
 956, 392;
 955, 391;
 954, 391;
 953, 390;
 952, 390;
 951, 389;
 950, 389;
 949, 388;
 948, 388;
 947, 387;
 946, 387;
 945, 386;
 944, 386;
 943, 385;
 942, 385;
 941, 384;
 940, 384;
 939, 383;
 938, 383;
 937, 382;
 936, 382;
 935, 381;
 934, 381;
 933, 380;
 932, 380;
 931, 379;
 930, 379;
 929, 378;
 928, 378;
 927, 377;
 926, 377;
 925, 376;
 924, 376;
 923, 375;
 922, 375;
 921, 374;
 920, 374;
 919, 373;
 918, 373;
 917, 372;
 916, 372;
 915, 371;
 914, 371;
 913, 370;
 912, 370;
 911, 369;
 910, 369;
 909, 368;
 908, 368;
 907, 367;
 906, 367;
 905, 366;
 904, 366;
 903, 365;
 902, 365;
 901, 364;
 900, 364;
 899, 363;
 898, 363;
 897, 362;
 896, 362;
 895, 361;
 894, 361;
 893, 360;
 892, 360;
 891, 359;
 890, 359;
 889, 358;
 888, 358;
 887, 357;
 886, 357;
 885, 356;
 883, 356;
 882, 355;
 881, 355;
 880, 354;
 879, 354;
 878, 353;
 877, 353;
 876, 352;
 875, 352;
 874, 351;
 873, 351;
 872, 350;
 871, 350;
 870, 349;
 869, 349;
 868, 348;
 867, 348;
 866, 347;
 865, 347;
 864, 346;
 863, 346;
 862, 345;
 861, 345;
 860, 344;
 859, 344;
 858, 343;
 857, 343;
 856, 342;
 855, 342;
 854, 341;
 853, 341;
 852, 340;
 851, 340;
 850, 339;
 849, 339;
 848, 338;
 847, 338;
 846, 337;
 845, 337;
 844, 336;
 843, 336;
 842, 335;
 841, 335;
 840, 334;
 839, 334;
 838, 333;
 837, 333;
 836, 332;
 835, 332;
 834, 331;
 833, 331;
 832, 330;
 831, 330;
 830, 329;
 829, 329;
 828, 328;
 827, 328;
 826, 327;
 825, 327;
 824, 326;
 823, 326;
 822, 325;
 821, 325;
 820, 324;
 819, 324;
 818, 323;
 817, 323;
 816, 322;
 815, 322;
 814, 321;
 813, 321;
 812, 320;
 811, 320;
 810, 319;
 808, 319;
 807, 318;
 806, 318;
 805, 317;
 804, 317;
 803, 316;
 802, 316;
 801, 315;
 800, 315;
 799, 314;
 798, 314;
 797, 313;
 796, 313;
 795, 312;
 794, 312;
 793, 311;
 792, 311;
 791, 310;
 790, 310;
 789, 309;
 788, 309;
 787, 308;
 786, 308;
 785, 307;
 784, 307;
 783, 306;
 782, 306;
 781, 305;
 780, 305;
 779, 304;
 778, 304;
 777, 303;
 776, 303;
 775, 302;
 774, 302;
 773, 301;
 772, 301;
 771, 300]